&title=请设置标题
&artist=请设置艺术家
&first=0
&des=请设置做谱人

&inote_5=(220){1},,,
{12},,,,,,,1,3,1,3,,,2,,,4,3,4,3,,,2,,,1,,,4,1,4,2,
{20},,3,,,,1/3,,,,,2/4,
{24},,,,,,,,,,1/4,,,,,,
{8},,,,,,,,,4,3,4,2/3,1,2,2/3,,1/4,4,1,3,1,2/3,4,2,2/3,,1/4,1,4,2,3,1/2,2,4,2/3,,
1/4,4,1,2,3,2/3,2,3,
{16}1,3,1,3,1,,,,
{8}2,3,2,1/4,2,1,1/3,,3/4,3,4,1,3,2/4,1,2,
{16}4,2,4,2,3,,,,
{8}1,2,4,3/4,3,2,1,3,4,3,
{16}1/2,,,2/4,,,1/3,,,3/4,,,1,2,3,2,1,4,2,1,(440){8}2,,
4,,1,2,4,2,1,,4,,3,4,3,,4,1,4,1,2,,1,,4,2,1,2,4,,1,,3,1,3,2,4,2,4,3,2,,1,,
4,2,1,2,4,,3,,2,3,4,,3,2,3,2,1,,4,,1,2,4,2,1,,3,,2,4,2,4,3,2,3,2,3,,4,,
1,2,4,2,1,,2,,4,2,1,,3,2,4,2,4,,1,,4,2,1,2,4,,2,,1,2,4,3,2,3,2,3,4,3,2,1,
2,,3,,1,3,2,4,2,,3,,4,3,2,1,2,,3,,1,3,2,4,2,,3,,4,1,3,2,1,,4,,2,3,1,4,1,,
2,,4,1,2,3,1,,4,,3,2,1,4,1,,3,,4,1,4,3,4,3,2,3,2,1,2,1,3,2,4,3,4,1,3,2,4,3,2,4,2,1,3,2,3,4,3,1,(220){1}1/4,,
{8}1/4,,1,3,4,1,2,4,{16}3,2,1,,3,1,2,,1,2,3,4,3,2,1,4,1,
{8},4,3,2,4,2,1,{16}3,1,3,1,4,1,4,1,4,3,2,1,4,2,3,4,3,
{8},1,3,4,1,2,4,3,{16}2,3,4,,2,,1,,1,2,3,2,3,1,4,3,{4}2,1/2,3/4,2/3,
(880)1,4,1,4,1,4,1,4,2,4,1,2,3,4,3,2,(220)1,
{16}2/3,,,,4,,,1,3,,4,,3,,3,,4,,2,,2,1,4,2,3,1,3,2,4,,,,
2/3,,,,1,,,4,3,,1,,3,4,3,2,3,4,3,4,1,3,2,4,2,3,1,2,3,,,,3/4,,,,
4,,,2,3,,3,,4,,,4,2,,2,,1,2,1,4,3,4,2,3,{8}2,,1,,4,,1,,2/3,,1/4,,3,3,3,3,3/4,,
2/3,,1/2,,3,4,,3,,1,2,{16}4,2,1,,1,,3,,3,,{8}4,4,2,2,3,3,2,
{16}1,2,1,,2/4,,4,3,4,,3/4,,{8},1/3,,2/3,,2/4,,3,1,,3,,4,2,
{16}1,2,4,,4,,3,,3,1,
{8}2,1,2,2,3,3,2,4,2,1/2,,1,1/2,,1/4,,2/3,,1/3,,4,3,,1,,2,4,{16}1,4,{8}3,3,1,1,2,2,
4,4,3,3,2,{16}1,2,1,,1/2,,4,2,4,,2/4,,,,
(440){8}1,2,3,4,3,2,1,4,3,4,1,2,1,2,3,4,2,3,2,3,1,4,1,4,3,2,3,2,1/4,,2/3,,{1}2,1,
(220){8}3,2,3,1,2,3,2,1,
(440)
{8}4,2,3,2,3,1,3,2,4,2,3,1,4,2,3,1,3,1,2,3,4,3,2,1,{1}2,
{8}4,2,3,2,1,4,1,3,2,1,2,4,1,2,3,4,{1}3,,
{8}4,2,4,2,3,1,4,2,4,3,2,1,3,2,4,1,{1}4,
{8}2,1,2,1,2,1,2,1,2,4,2,1,2,4,3,2,3,4,1,2,3,2,1,4,
{12}1,,2,,4,,(220){24}2,,1,,(110){48}2,,1,,4,,1,,3,,2,,4,,
(440){8}2/3,,,2/4,,,1/2,,2/3,,,1/2,,,2/3,,3/4,,,2/3,,,1/2,,1,,3,,2,4,2,4,2,,,
1/2,,,2/4,,2/3,,,2/4,,,2/3,,1,3,1,3,1,,4,,3/4,,3/4,,3/4,,2,1,2,,,
3/4,,,1/3,,2/3,,,3/4,,,2/3,,1/2,,,1/3,,,2/3,,2/4,,,2/3,,,1/4,,3,,,1,,,2,,4,,,1,,,3,,
4,3,2,1,4,2,3,1,4,2,4,3,2,1,4,3,
(220){1},{4},1/4,,,,,,3,,2,,1,,,,,{8}3,,,3,,,2,,{4}1/4,4,1,2,4,3,4,2,1,3/4,
{16}4,3,4,3,2,1,2,1,3,2,3,2,4,3,4,3,2,1,2,3,2,1,3,2,4,1,2,3,
(440){8}4,,,,,,1,3,{12},2,,,2/4,,,,1/2,,,,3,,,,4,,,,1,,,,1/4,,,,,,2/3,,,,,,
4,,3,,4,,1,,2,,4,,2,,1,,3,,2,,4,,2,,3,1,3,1,3,,2,,3,,3,,4,3,4,3,4,,2,,2,,1,,
{8}4,2,3,1,3,1,2,3,4,1,4,2,3,1,4,2,4,3,2,3,4,1,2,1,3,2,4,2,3,2,4,1,2,3,4,3,2,3,4,2,3,1,3,2,1,2,4,2,4,1,3,4,3,2,4,3,1,3,2,1,2,3,4,3,
3/4,,3/4,,3/4,,3,4,1,,1/4,,1/4,,1/4,,3,2,3,,2/3,,2/4,,1/2,,2/4,,1/2,,2/4,,2/3,,3,1,1/2,,,,
2/4,,,,,,3/4,,2/3,,3,4,3,,2/3,,3/4,,2/3,,1,4,1,,1/4,,4,2,3,,2/3,,2/3,,1/2,,2,4,3,,
3/4,,3/4,,3,4,1/4,,1/4,,1/4,,1/4,,1/4,,1/4,,1/4,,1/4,,1/4,,1/4,,,,,,,,,,,,
(220){48}2/3,,,,,,,,,,,,1,,,,,,,,4,,,,,,,1,,,,2,,,,,,,,,,,{8}1/2,,,,,,,,{16}3/4,,,,,,,,,1/4,,,,,
