(150){1},
{1},
{64}4/1,3/2,2/3,1,4,,,,,,,,,,,,,,,,,,,,,,,,,,,,4,,,,,,,,,,,,,,,,,,,,,,,,,,,,,,,,
{2}4,1/3,
{2}2/3,3,
{24}4/3,,,,,,2,,,,,,1,3,1,3,1,3,2,4,2,4,2,4,
{16}2,,2,1,2,,1,,3,4,2,4,3,,3,4,
{16}3,,4,,2,1,3,1,2,,2,1,2,,4,,
{16}3,4,2,4,3,,3,4,3,,1,,2,1,3,1,
{16}2,,3,1,2,,1,,3,4,2,4,3,,2,4,
{16}3,,4,,2,1,3,1,2,,3,1,2,,4,,
{16}3,4,2,4,3,,2,4,3,,1,,2,1,3,1,
{8}4,2,2,1,3,4,2,2,
{24}4,,,3,,,2,,,,,,2,4,1,4,1,4,3,4,1,4,1,4,
{48}2,,4,,1,,4,,1,,4,,1,,,2,,,3,,,4,,,1,,,2,,,3,,,4,,,1,,,,,,,,,,,,
{4}1,,,1,
{16},,,,,,,,,,,,1,,,1,
{96},,,,,,,,,,,,1,,,,,,,,,,,,,,,,,,1,,,,,,,,,,,,,,,,,,1,,,,4,,,,1,,,,4,,,,1,,,,4,,,,1,,,2,,,3,,,4,,,1,,,2,,,3,,,4,,,
{8}1,,(200)2/3,,1,,4,2,
{8}1,3,1,,4,1,2,,
{16}1,,3,,2,,4,,1,2,4,1,3,,1,,
{8}4,4,1,,3,4,1,4,
{16}3,,3,4,1,,,,1,,1,,1,,3,,
{16}1,,3,,1,,3,,2,1,3,3,4,2,2,4,
{24}4,,,,,,(150)3/4,,,3,,,1,,,4,,,3,4,3,2,3,,
{24}1/2,,,2,,,4,,,1,,,2,1,2,3,2,,3/4,,,3,,,
{24}1,,,4,,,3,4,3,2,3,,1/2,,4,,2,,2,4,1,3,4,2,
{24}1,3,2,4,3,1,4,,,2,,,4,,,1,,,3,,,1,,,
{8}4,2,1,1,3,4,4,2,
{8}1,1,3,4/1,3/2,4/1,,4/1,
{16},,4/1,,,,3/2,,1,,3,,2,3,4,,
{16}2,,3,2,1,,3,,2,3,4,,2,,1,,
{16}1,,,2,1,,3,,1,4,,,1/4,,,2,
{32}4,,,,3,,,,4,,3,2,1,4,3,2,1,,,,,,2,,,,,,3,,,,
{16},4,4/1,,4/1,,3/2,,2/3,,1/4,,,,,,
{48}4/1,3/2,2/3,1/4,,,,,,,2/3,3/2,4/1,,,,,,,3/2,2/3,1/4,,,,,,,,,,,,,,,2/1,4/3,3/4,2/1,,,,,,,3/4,4/3,
{48}2/1,,,,,,,4/3,3/4,2/1,,,,,,,,,,,,,,,4/3,2/1,1/2,4/3,,,,,,,1/2,2/1,4/3,,,,,,,2,1,4,,,
{48},,,,1,2,3,,,,,,,2,1,4,,,,,,,1,2,3,,,,,,,2/1,1/2,4/3,,,,,,,,,,,,,,,
{8}4/1,4/1,,,,4/1,4/1,,
{48},,,,,,,,,,,,2/1,4/3,3/4,2/1,,,,,,,3/4,4/3,2/1,,,,,,,3,4,1,,,,,,,4,3,2,,,,,,
{32},4,3,2,1,4,3,2,1,4,3,2,1,4,3,2,1,,,,,,,,3,,,,4,,4,,
{16}1,,2,,3,3,4,,1,,2,2,3,,4,,
{16}1,1,2,,3,,4,4,1,,2,,3,3,4,,
{16}1,,2,2,3,,4,,1,1,2,,3,,,,
{64},,,,,,,,,,,,,,,,,,,,,,,,,,,,,,,,,4/2,1,4/2,3,,,,,,,,,,,,,,,,,,,,,,,,,,,,
{24},,,,,,,,,,,,1,4,2,3,1,4,1,4,2,3,1,4,
{48}1,,4,,2,,3,,1,,4,,1,,4,,2,,3,,1,,4,,1,,,2,,,3,,,4,,,1,,,,,,1,,,,,,
{48}1,,,,,,,,,,,,1/4,,,,,,,,,,,,(75)4,3,2,1,4,3,2,1,4,3,2,1,4,3,2,1,4,3,2,1,4,3,2,1,
{48}4,3,2,1,4,3,2,1,4,3,2,1,4,3,2,1,4,3,2,1,4,3,2,1,4,3,2,1,4,3,2,1,4,3,2,1,4,3,2,1,4,3,2,1,4,3,2,1,
{192}4,,,,3,,,,2,,,,1,,,,4,,,,3,,,,2,,,,1,,,,4,,,,3,,,,2,,,,1,,,,4,,,,3,,,,2,,,,1,,,,4,,,,3,,,,2,,,,,,,,,,,,1,,,,,,,,,,,,1,,,2,,,3,,,4,,,1,,,2,2,,3,,,4,,,1,,,2,,,3,,3,4,,,1,,,2,,,3,,,4,,,1,,,2,,,3,,,4,,,1,,,2,2,,3,,,4,,,1,,,2,,,3,,4,4,,,1,,,2,,,3,,,4,,,
{192}1,,,2,,,3,,,4,,,1,,,2,2,,3,,,4,,,1,,,2,,,3,,3,4,,,1,,,2,,,3,,4,,,,1,,,2,,,3,,,4,,,1,,,2,2,,3,,,4,,,1,,,2,,,3,,4,4,,,1,,,2,,,3,,,4,,,1,,,2,,,3,,,4,,,1,,,2,2,,3,,,4,,,1,,,2,,,3,,3,4,,,1,,,2,,,3,,,4,,,1,,,2,,,3,,,4,,,1,,,2,2,,3,,,4,,,1,,,2,,,3,,4,4,,,1,,,2,,,3,,,4,,,
(150){32}1,,,,,,,,,,,,,,,,,,,,1,2,3,4,1,2,3,4,1,,,,
{16}1/4,,2,,3,1,4,,4,,,,1,,3,,
{24}4/1,,,3,,,2,1,4,1,4,3,,,,1,,,1,,,4/1,,,
{16}3,,2,4,1,,1,,,,4,,2,,4/1,,
{24}2,,,3,4,1,4,1,2,3,,,,,,,,,1,,,2,,,
{16}3,1,4,,4,,,,1,,3,,4/1,,3,,
{48}2,,1,,4,,1,,4,,3,,,,,,,,1,,,,,,1,,,,,,4/1,,,,,,3,,,,,,2,,,4,,,
{24}1,,,1,,,,,,4,,,2,,,4/1,,,2,,,3,4,1,
{48}4,,1,,2,,3,,,,,,,,,,,,,,,,,,1,,,,,,2/3,,,,,,2,,,,,,1,,,1,,,
{16}1,,3,,4,,2,,1,4,3,2,4,,4,,
{16}1,,1,,3/2,,2,1,2,4,2,3,2,1,2,4,
{48}2,,,4,,,2,,4,,1,,3,,,4,,,3,,,1,,,3,,,2,,,3,,,4,,,3,,,1,,,3,,,1,,,
{48}3,,1,,4,,2,,4,,1,,2/3,,,,,,4,,,,,,2,,,1,,,3,,,,,,2,,,,,,1,,,,,,
{48}3/2,,,,,,2,1,,3/4,,,,,,3,4,,1/2,,,,,,2,1,,4,,,,,,3,4,,1,,,,,,1,,,,,,
{16},,4,,2,,3,1,4,,4,,,,1,,
{24}3,,,4/1,,,3,,,2,1,4,1,4,3,,,,1,,,1,,,
{16}4/1,,4,4,4,,1,,1,1,1,,4,,4,4,
{48}4,,,,,,1,,,,,,1,,,1,,,1/4,,,,,,1,,4,,1,,4,,1,,4,,2,,4,,1,,4,,1,,4,,
{48}3,,4,,1,,4,,1,,4,,1,,,2,,,3,,,4,,,1,,,2,,,3,,,4,,,1,,,,,,,,,,,,
{4}4,,,4,
{4}4,,,(225)1/4,
{4}3,2,4/1,3,
{4}2,1/4,3,2,
{4}4/1,3,2,1/4,
{24}3,,,2,,,2,,,,,,4/1,,,,,,4/1,,,,3/2,,
{12},2/3,,1/4,,,2,,,3,,,
{8}4/1,,2,4/3,,3,2/1,,
{12}1/4,,,4,,,1/4,,,1,,2,
{24},,3,,,,4/1,,,,2,,,,3,,,,2/4,,,2,,,
{8}2,1/3,3,3,2/4,2,2,1/3,
{8}3,3,2/4,2,2,1/4,4,4,
{8}2/1,2,2,1/3,3,3,3/4,3,
{8}3,2,2,2,2/3,2,2,1/4,
{8}4,4,1/4,,,3/2,,,
{8}4/1,,,3/2,,,1/4,2,
{24}2,,,2,1,4,3,,,3,,,2,3,4,3,2,1,4,,,2,3,4,
{16}1,,4/1,,2,1,3,3,4,2,2,1,3,3,4,2,
{16}2,1,4,3,4,1,2,1,4,3,4,1,2,4,4,3,
{16}1,1,2,4,4,3,1,1,2,,1/4,,2/1,,3/2,,
{16}4/3,,4/1,,2/1,,3/2,,4/3,,1,1,4,2,4,4,
{48}1,,,3,,,2,,,2,,,1,,,3,,,3,,,3,,,4,,,2,,,2,,,3,,,1,,4,,1,,4,,1,,4,,
{24}2,3,2,3,2,3,3,2,3,2,3,2,4,1,4,1,4,1,3,2,2,3,1,4,
{32}1,2,3,4,1,2,3,4,1,2,3,4,1,2,3,4,1,2,3,4,1,2,3,4,1,,,,,,,,
{1}1,
{48},,,,,,,,,,,,,,,,,,,,,,,,,,,,,,,,,,,,,,,,,,4/1,3/2,2/3,1/4,,,
{1}4/3,
{1},
{1},
{1},
E

